37
228
186
351
173
217
266
347
377
378
350
380
447
477
448
495
492
481
478
458
506
539
503
566
572
648
655
603
625
671
695
781
662
647
701
737
820
733
715
766
827
914
792
754
796
883
945
812
756
799
881
970
807
788
828
939
1003
820
792
829
942
1003
851
809
832
947
1005
867
819
833
946
1005
867
819
833
946
1005
867
819
833
946
1005
867
819
833
946
1005
867
819
833
946
1005
867
819
833
946
1005
867
819
833
946
1005
867
819
833
946
1005
867
819
833
946
1005
867
819
833
946
1005
867
819
833
946
1005
867
819
833
946
1005
867
819
833
946
1005
867
45
282
223
350
209
239
297
363
420
447
